twice-around-the-tree

size                		time(sec)           		space(MiB)          		solution            
8                   		0.08228945732116699 		0.51953125          		158.0               
9                   		0.032941579818725586		0.828125            		210.0               
10                  		0.034718990325927734		1.24609375          		306.0               
11                  		0.04124879837036133 		1.96484375          		206.0               
12                  		0.035576581954956055		18.5625             		278.0               
13                  		0.03982234001159668 		10.8125             		268.0               
14                  		0.03636741638183594 		17.56640625         		348.0               
15                  		0.0375981330871582  		18.8359375          		426.0               
16                  		0.03814196586608887 		17.921875           		360.0               
17                  		0.03856158256530762 		18.625              		504.0               
18                  		0.03863215446472168 		20.0234375          		530.0               
32                  		0.023776769638061523		20.765625           		1334.0              
64                  		0.04064130783081055 		20.265625           		3752.0              
128                 		0.07680583000183105 		20.53125            		9600.0              
256                 		0.2880711555480957  		23.7734375          		26960.0             
512                 		0.5926740169525146  		71.34375            		74070.0             
1024                		2.4586262702941895  		290.25              		210006.0            
------------------------------------------------------------------------------------------------------------------------

christofides

size                		time(sec)           		space(MiB)          		solution            
8                   		0.048236846923828125		0.61328125          		146.0               
9                   		0.038320064544677734		0.828125            		168.0               
10                  		0.04188394546508789 		1.24609375          		246.0               
11                  		0.04212522506713867 		1.96484375          		206.0               
12                  		0.042272090911865234		18.3125             		234.0               
13                  		0.047043800354003906		10.8125             		286.0               
14                  		0.041333913803100586		17.31640625         		386.0               
15                  		0.032881975173950195		18.8359375          		412.0               
16                  		0.02218151092529297 		17.921875           		324.0               
17                  		0.04455900192260742 		18.375              		396.0               
18                  		0.022161483764648438		20.0234375          		456.0               
32                  		0.028348684310913086		20.515625           		1052.0              
64                  		0.058763980865478516		20.44140625         		3050.0              
128                 		0.23080158233642578 		20.53125            		7970.0              
256                 		0.8515322208404541  		23.79296875         		22236.0             
512                 		5.998963117599487   		71.37109375         		63162.0             
1024                		44.236724615097046  		290.1796875         		174554.0            
------------------------------------------------------------------------------------------------------------------------

branch-and-bound

size                		time(sec)           		space(MiB)          		solution            
8                   		0.1242213249206543  		0.75390625          		142.0               
9                   		0.23784470558166504 		1.1640625           		166.0               
10                  		0.2792067527770996  		1.24609375          		214.0               
11                  		22.8746497631073    		53.24609375         		180.0               
12                  		0.6594295501708984  		18.3125             		234.0               
13                  		121.79800796508789  		268.3984375         		248.0               
14                  		186.7281186580658   		383.828125          		310.0               
15                  		80.85754919052124   		142.1171875         		352.0               
16                  		387.6366035938263   		653.71875           		266.0               
17                  		175.45479345321655  		257.859375          		374.0               
18                  		292.37197184562683  		415.38671875        		416.0               
------------------------------------------------------------------------------------------------------------------------

twice-around-the-tree

size                		time(sec)           		space(MiB)          		solution            
8                   		0.04229474067687988 		0.51953125          		131.85608495284404  
9                   		0.03197455406188965 		0.828125            		160.22641689451262  
10                  		0.037827491760253906		1.24609375          		228.14114036514263  
11                  		0.04021310806274414 		1.96484375          		190.4235806742211   
12                  		0.03453946113586426 		18.5625             		230.62139832711296  
13                  		0.03815817832946777 		10.8125             		230.1812583985959   
14                  		0.03510880470275879 		17.56640625         		276.38461077012647  
15                  		0.03534364700317383 		18.8359375          		357.3115827194513   
16                  		0.03485751152038574 		17.921875           		263.2794156537198   
17                  		0.03551220893859863 		18.375              		377.8412674197033   
18                  		0.036829233169555664		20.0234375          		436.95960147171627  
32                  		0.02174091339111328 		20.515625           		995.1085977477344   
64                  		0.0395359992980957  		20.265625           		2746.4873348563983  
128                 		0.07726907730102539 		20.53125            		7589.45887134888    
256                 		0.28891873359680176 		23.79296875         		21677.694263968388  
512                 		0.6043040752410889  		71.37890625         		58677.23727228113   
1024                		2.8490004539489746  		290.04296875        		165266.01944124937  
------------------------------------------------------------------------------------------------------------------------

christofides

size                		time(sec)           		space(MiB)          		solution            
8                   		0.03464627265930176 		0.6328125           		120.82304174936766  
9                   		0.037610769271850586		0.83984375          		134.716686113016    
10                  		0.04917144775390625 		1.24609375          		218.76095493479835  
11                  		0.04504895210266113 		1.96484375          		156.1394957582507   
12                  		0.04175162315368652 		18.3125             		195.14839852562613  
13                  		0.04758000373840332 		10.8125             		237.17801164990638  
14                  		0.041993141174316406		17.31640625         		278.6890644226193   
15                  		0.021314144134521484		18.8359375          		312.5248876594008   
16                  		0.02137136459350586 		17.671875           		267.22467443384954  
17                  		0.044245004653930664		18.375              		320.737867661995    
18                  		0.02686023712158203 		20.0234375          		401.62874660127034  
32                  		0.03208518028259277 		20.515625           		859.8752847352581   
64                  		0.060419559478759766		20.44140625         		2418.6602496838245  
128                 		0.3134634494781494  		20.53125            		6298.227997667523   
256                 		0.8349125385284424  		23.79296875         		18387.137399818654  
512                 		4.727720260620117   		71.734375           		47750.10823445844   
1024                		54.09209203720093   		290.37890625        		137835.88569413847  
------------------------------------------------------------------------------------------------------------------------

branch-and-bound

size                		time(sec)           		space(MiB)          		solution            
8                   		0.17677760124206543 		0.82421875          		116.5327178245866   
9                   		0.21725249290466309 		1.2421875           		132.9785016867081   
10                  		0.580925703048706   		1.90625             		184.26409418431902  
11                  		36.01903295516968   		83.125              		151.31983799416773  
12                  		1.3795428276062012  		14.8125             		195.14839852562616  
13                  		140.68478965759277  		308.48046875        		195.67393090852372  
14                  		251.58235788345337  		510.66015625        		251.69421842136808  
15                  		81.50745725631714   		141.58984375        		278.04331237317206  
16                  		365.47865295410156  		602.6640625         		213.62094691968045  
17                  		207.44814157485962  		307.08203125        		308.60439597929224  
------------------------------------------------------------------------------------------------------------------------

